Name <- c("Jeb", "Donald","Ted", "Marco", "Carly", "Hillary", "Bernie")

ABC<-c(4,62,51,21,2,14,15)

CBS<- c(12, 75, 43, 19, 1, 21, 19) 

data.frame(Name, ABC, CBS)

  Name ABC CBS
1     Jeb   4  12
2  Donald  62  75
3     Ted  51  43
4   Marco  21  19
5   Carly   2   1
6 Hillary  14  21
7  Bernie  15  19


######
data.frame(ABC, CBS, row.names = Name)


        ABC CBS
Jeb       4  12
Donald   62  75
Ted      51  43
Marco    21  19
Carly     2   1
Hillary  14  21
Bernie   15  19
